0.0000
0.0000
0.0000
0.0000
0.0000
0.0000
0.0000
0.0000
0.0001
0.0001
0.0002
0.0004
0.0006
0.0011
0.0020
0.0035
0.0063
0.0112
0.0197
0.0341
0.0574
0.0934
0.1461
0.2186
0.3072
0.4022
0.5070
0.6472
0.8489
1.1200
1.3728
1.5253
1.2127
0.4307
-0.4815
-1.1604
-1.4466
-1.3577
-1.0181
-0.6000
-0.2475
-0.0338
-0.0162
-0.2154
-0.5832
-1.0390
-1.4371
-1.6016
-1.3993
-0.8025
0.0752
0.9661
1.4715
1.4750
1.2469
0.9588
0.6951
0.4961
0.3602
0.2618
0.1828
0.1215
0.0776
0.0479
0.0284
0.0163
0.0092
0.0051
0.0029
0.0017
0.0010
0.0006
0.0003
0.0002
0.0001
0.0001
0.0000
0.0000
0.0000
0.0000
0.0000
0.0000
0.0000
0.0000
