-0.0000
-0.0000
-0.0000
-0.0000
-0.0000
-0.0000
-0.0000
-0.0000
-0.0000
-0.0000
-0.0001
-0.0001
-0.0002
-0.0003
-0.0004
-0.0006
-0.0009
-0.0013
-0.0019
-0.0028
-0.0040
-0.0055
-0.0072
-0.0089
-0.0093
-0.0060
0.0010
0.0090
0.0154
0.0184
0.0162
0.0094
0.0026
-0.0008
0.0025
0.0129
0.0246
0.0276
0.0199
0.0278
0.0191
0.0106
-0.0041
-0.0171
-0.0233
-0.0228
-0.0185
-0.0132
-0.0087
-0.0054
-0.0033
-0.0019
-0.0011
-0.0006
-0.0003
-0.0002
-0.0001
-0.0000
-0.0000
-0.0000
-0.0000
-0.0000
-0.0000
-0.0000
-0.0000
