0.0000
0.0000
0.0000
0.0000
0.0000
0.0000
0.0000
0.0000
-0.0000
-0.0000
-0.0000
-0.0000
-0.0000
-0.0000
-0.0001
-0.0002
-0.0004
-0.0009
-0.0019
-0.0036
-0.0065
-0.0110
-0.0177
-0.0270
-0.0378
-0.0453
-0.0395
-0.0072
0.0633
0.1769
0.3164
0.3846
0.2041
-0.2241
-0.5121
-0.4898
-0.2533
-0.0454
-0.1989
-0.5779
-0.2648
-0.1248
-0.0859
-0.0651
-0.0465
-0.0303
-0.0183
-0.0106
-0.0059
-0.0032
-0.0017
-0.0009
-0.0005
-0.0002
-0.0001
-0.0001
-0.0000
-0.0000
-0.0000
-0.0000
-0.0000
-0.0000
-0.0000
-0.0000
-0.0000
