-0.0000
-0.0000
-0.0000
-0.0000
-0.0000
0.0000
0.0000
0.0000
0.0000
0.0000
0.0000
0.0000
0.0000
0.0000
0.0000
0.0001
0.0002
0.0003
0.0007
0.0014
0.0027
0.0055
0.0109
0.0206
0.0359
0.0567
0.0782
0.0900
0.0796
0.0724
0.0126
-0.1194
-0.0880
-0.1767
-0.2241
-0.1978
-0.1476
-0.1021
-0.0701
-0.0496
-0.0288
0.0136
0.0507
0.0097
0.0112
0.0567
0.1640
0.3485
0.5966
0.7582
0.3757
-0.2005
-0.3096
-0.2357
-0.1426
-0.0725
-0.0313
-0.0080
0.0033
0.0064
0.0055
0.0037
0.0023
0.0014
0.0008
0.0004
0.0002
0.0001
0.0001
0.0000
0.0000
0.0000
0.0000
0.0000
0.0000
0.0000
0.0000
0.0000
0.0000
0.0000
0.0000
0.0000
0.0000
0.0000
