-0.0000
-0.0000
-0.0000
-0.0000
-0.0000
-0.0000
-0.0000
-0.0000
-0.0000
-0.0000
-0.0000
-0.0000
-0.0000
-0.0000
-0.0000
-0.0000
-0.0000
-0.0000
-0.0000
-0.0000
-0.0001
-0.0001
-0.0002
-0.0003
-0.0004
-0.0006
-0.0008
-0.0010
-0.0014
-0.0019
-0.0024
-0.0025
-0.0017
-0.0002
0.0007
-0.0018
-0.0096
-0.0254
-0.0475
-0.0601
-0.0513
-0.0263
-0.0078
-0.0023
-0.0088
-0.0241
-0.0423
-0.0548
-0.0506
-0.0261
-0.0041
0.0267
0.0725
0.1339
0.2101
0.2405
0.2046
0.1054
0.0153
-0.0378
-0.0566
-0.0472
-0.0154
0.0345
0.0978
0.1607
0.1966
0.1933
0.1621
0.0782
0.0689
0.0111
-0.3158
-0.3501
-0.3374
-0.1825
-0.0212
0.0745
0.1027
0.0920
0.0687
0.0466
0.0300
0.0186
0.0112
0.0065
0.0036
0.0019
0.0010
0.0005
0.0002
0.0001
0.0000
0.0000
0.0000
0.0000
0.0000
