0.0000
0.0000
0.0000
0.0000
0.0000
0.0000
0.0000
0.0000
0.0000
0.0000
0.0000
0.0000
0.0000
0.0000
0.0000
0.0000
0.0000
0.0000
0.0000
0.0000
0.0000
0.0001
0.0001
0.0002
0.0004
0.0008
0.0014
0.0024
0.0042
0.0069
0.0112
0.0173
0.0255
0.0347
0.0425
0.0472
0.0482
0.0444
0.0334
0.0226
0.0314
0.0347
0.0366
0.0423
0.0539
0.0707
0.0930
0.1239
0.1613
0.1881
0.1215
-0.0235
-0.0782
-0.0699
-0.0409
-0.0127
0.0043
0.0096
0.0085
0.0051
0.0008
-0.0039
-0.0092
-0.0153
-0.0216
-0.0263
-0.0236
-0.0041
0.0398
0.1004
0.1165
0.0149
-0.0493
-0.0532
-0.0322
-0.0220
-0.0153
-0.0105
-0.0068
-0.0042
-0.0025
-0.0014
-0.0008
-0.0004
-0.0002
-0.0001
-0.0001
-0.0000
-0.0000
-0.0000
-0.0000
-0.0000
-0.0000
-0.0000
-0.0000
-0.0000
-0.0000
