0.0000
0.0000
0.0000
0.0000
0.0000
0.0000
0.0000
0.0000
0.0000
0.0000
0.0000
0.0000
0.0001
0.0002
0.0003
0.0006
0.0010
0.0019
0.0035
0.0063
0.0111
0.0189
0.0311
0.0491
0.0730
0.1014
0.1361
0.1858
0.2620
0.3735
0.4981
0.6068
0.5338
0.2122
-0.2694
-0.7511
-1.1105
-1.2803
-1.2441
-1.0416
-0.7414
-0.3691
0.1077
0.5482
0.9184
1.1844
1.2837
1.1761
0.8724
0.4347
-0.0360
-0.4145
-0.5720
-0.5240
-0.4078
-0.2906
-0.1963
-0.1311
-0.0895
-0.0613
-0.0405
-0.0256
-0.0155
-0.0091
-0.0052
-0.0028
-0.0015
-0.0008
-0.0004
-0.0002
-0.0001
-0.0001
-0.0000
-0.0000
-0.0000
-0.0000
-0.0000
-0.0000
-0.0000
-0.0000
-0.0000
-0.0000
-0.0000
-0.0000
