-0.0000
-0.0000
-0.0000
-0.0000
-0.0000
-0.0000
-0.0000
-0.0000
-0.0000
-0.0000
-0.0000
-0.0000
-0.0000
-0.0000
-0.0000
-0.0000
-0.0000
-0.0000
-0.0000
-0.0000
-0.0000
-0.0000
-0.0001
-0.0001
-0.0002
-0.0003
-0.0004
-0.0007
-0.0012
-0.0019
-0.0031
-0.0048
-0.0064
-0.0061
-0.0032
0.0039
0.0138
0.0270
0.0402
0.0423
0.0308
0.0138
0.0036
0.0009
0.0033
0.0084
0.0136
0.0163
0.0141
0.0068
0.0010
-0.0062
-0.0159
-0.0278
-0.0416
-0.0454
-0.0369
-0.0182
-0.0025
0.0060
0.0087
0.0070
0.0022
-0.0048
-0.0131
-0.0208
-0.0247
-0.0236
-0.0192
-0.0090
-0.0077
-0.0012
0.0335
0.0362
0.0341
0.0180
0.0020
-0.0070
-0.0094
-0.0083
-0.0061
-0.0040
-0.0025
-0.0015
-0.0009
-0.0005
-0.0003
-0.0001
-0.0001
-0.0000
-0.0000
-0.0000
-0.0000
-0.0000
-0.0000
-0.0000
-0.0000
